292030
294100
236390
1272320
271590
647960
1091500
1259420
281990
1030300
447040
212680
367520
1113120
457140
753640
233860
427520
381210
1373090
1145360
243470
761620
361420
2881650
421050
433340
108600
1817070
241910
1363080
220740
246420
386180
275850
286000
356570
214340
601360
620
730
346010
238370
3241660
632470
431960
2997230
674940
244850
1115690
20920
2527500
2901520
383870
658850
2726450
684410
1166290
881100
673210
1465460
17390
508440
641990
973760
322500
953490
609320
578080
945360
1966720
322330
1931770
585420
400
826630
3240220
731040
1049410
700330
2825530
268910
246620
2567870
739630
2579270
1568590
2379910
719890
230290
40720
242760
1158890
268540
874260
20900
1147550
1029780
3043710
894020
3028500
2410490
846030
282140
391220
3064370
1659040
367450
1961460
413150
1182470
969990
3483740
341800
979110
746850
704850
105600
325520
1289310
1284410
1451940
240720
220200
784150
477160
2983410
2171280
6860
362890
3086580
2865580
2828500
2239150
1880890
1730590
1612140
1608450
1608230
1570070
1570010
990630
990080
702670
701160
690040
646910
613100
563840
475550
442070
397080
391540
369620
304430
282070
260230
220700
219740
205930
203140
48000
24720
17440
360
320
220
70
570
1623730
2676230
2767030
3419430
359550
3405690
3678970
252490
3527290
553850
1172470
2357570
1086940
230410
250900
2868840
440
438100
322170
2807960
1938090
1366800
489830
221100
550
238960
218620
480
1085660
1478500
2142790
2507950
39210
1245620
1808500
394360
1222670
1142710
460930
289070
4000
582660
251570
3079210
2399830
1281930
1665460
3551340
2073620
1158310
3932890
1174180
252950
284160
261550
2300320
3282300
892970
2694490
1973530
813780
526870
1905180
227300
1874880
2661300
3164500
376210
292000
2483190
377160
2073850
304930
346110
8930
291550
2231380
2141910
629520
2139460
960090
1449850
3564740
387990
2246340
2183900
286160
311210
2651280
583950
1623660
2252570
2622380
3321460
270880
3472040
216150
2552430
306130
3767850
976730
594650
365670
393380
4025700
1295660
1771300
3293260
219990
2379780
3513350
3659280
244210
2763740
1671210
1454400
582010
2016590
1144200
440900
949230
1364780
236850
1149460
2358720
1431300
1283970
107410
3224770
1325860
1203620
2050650
1818450
2394010
812140
761890
1203220
3812600
1361210
1476970
1313140
3787240
1151340
2436940
1687950
255710
10
22380
1466860
4243990
881020
2221490
632360
3199170
1326470
2707930
3450310
3595270
2437170
2186680
2950790
1172620
431730
1374490
2426960
1599340
2250040
2709570
1812620
1903340
2429640
1716740
1172710
513710
766570
2138720
1284210
3405340
2344520
985810
435150
1304930
3041230
3070070
2161700
3722330
552990
646570
1286830
1607250
1285190
1343400
1009850
4128580
1401590
648800
1145350
1778820
2537590
1238840
529340
214950
304390
1942280
993090
686060
3892270
548430
1943950
232090
1049590
1222680
977400
359320
268500
1118200
1062090
374320
3934270
1604030
1248130
8500
1891700
933110
3065800
1617400
1868140
1067360
427410
239140
1284190
2471100
2669320
1328670
655500
3764200
1446780
2909400
1426210
2059170
686810
4197610
1962700
1407200
4700
392160
1222140
3198850
3595230
12210
1229490
1267910
400750
1482520
534380
2584990
518790
1169040
1621690
1920960
1147690
552520
1643320
3557620
2806050
2322010
3301060
2074920
380600
49520
961200
2215430
1184370
1794680
1551360
1824220
1240440
1190970
714010
2479810
1677740
814380
3059520
1258080
2670630
1158160
1817190
1677280
2325290
2923300
1118520
1465360
1462040
1546320
703080
1934680
570940
1128810
3564400
243750
824270
2958130
1282100
379430
1250410
1593500
962130
221380
883710
728880
2062430
3949040
2208920
63220
70010
3017860
1594320
1599600
3354750
8710
4164790
3105440
2001120
2623190
2051620
1190000
459820
444200
208650
3679080
1627720
2679460
3808690
2536520
779340
2081880
606150
1952920
602960
382030
1068820
1371980
400040
1604270
264710
1129580
2399420
10500
2456740
1669000
3861430
262060
1783560
48700
1167630
784080
312060
1974050
3948120
3061570
240
2209900
2397300
3092660
397540
2385530
371970
2956680
1343370
1997040
2968420
3489700
3590
1501750
3636770
4421010
2531310
389430
627690
1366540
325610
335300
34330
1297900
8770
431240
1066780
544810
2688950
815370
4069520
3712080
305620
2552450
34120
3091140
386360
3904850
3413340
